4294967279,11
4294967279,10
4294967278,132
4294967278,131
4294967278,130
4294967278,129
4294967278,128
4294967278,326
4294967278,127
4294967278,255
4294967278,126
4294967278,125
4294967278,124
4294967278,123
4294967278,252
4294967278,122
4294967278,121
4294967278,120
4294967278,119
4294967278,118
4294967278,243
4294967278,117
4294967278,116
4294967278,115
4294967278,114
4294967278,113
4294967278,235
4294967278,112
4294967278,233
4294967278,111
4294967278,231
4294967278,110
4294967278,109
4294967278,227
4294967278,108
4294967278,107
4294967278,106
4294967278,105
4294967278,104
4294967278,103
4294967278,102
4294967278,101
4294967278,100
4294967278,99
4294967278,322
4294967278,98
4294967278,97
4294967278,96
4294967278,95
4294967278,94
4294967278,93
4294967278,92
4294967278,91
4294967278,90
4294967278,318
4294967278,89
4294967278,87
4294967278,86
4294967278,85
4294967278,84
4294967278,83
4294967278,82
4294967278,81
4294967278,80
4294967278,79
4294967278,78
4294967278,77
4294967278,76
4294967278,75
4294967278,74
4294967278,73
4294967278,72
4294967278,312
4294967278,71
4294967278,70
4294967278,69
4294967278,68
4294967278,67
4294967278,343
4294967278,66
4294967278,65
4294967278,64
4294967278,63
4294967278,340
4294967278,61
4294967278,57
4294967278,54
4294967278,174
4294967278,88
4294967278,260
4294967279,63
4294967279,51
4294967279,47
4294967279,41
4294967279,532
4294967279,39
4294967279,300
4294967279,22
4294967279,268
4294967279,18
4294967279,16
4294967279,14
4294967279,174
4294967279,276
4294967279,12
4294967279,9
4294967279,8
4294967279,274
4294967279,7
4294967279,528
4294967279,6
4294967279,5
4294967279,4
4294967278,62
4294967278,341
4294967278,173
4294967279,173
4294967278,60
4294967278,310
4294967278,59
4294967278,171
4294967278,339
4294967278,58
4294967278,309
4294967279,57
4294967279,533
4294967278,56
4294967279,559
4294967278,167
4294967278,373
4294967278,55
4294967279,558
4294967278,166
4294967279,166
4294967294,115
4294967279,557
4294967279,163
4294967279,162
45,6
45,5
45,4
45,3
45,2
45,1
4294967278,372
4294967279,294
4294967278,371
4294967294,470
4294967279,43
4294967279,150
4294967294,22
4294967279,34
0,7
4294967294,418
4294967279,145
4294967294,1000
4294967294,185
4294967294,151
4294967294,17
4294967294,5
4294967279,23
0,5
4294967294,81
4294967294,50
4294967278,370
4294967278,0
4294967294,67
4294967279,142
4294967279,531
4294967294,38
4294967294,2
4294967294,426
4294967294,53
4294967294,150
4294967294,149
4294967294,29
4294967294,128
4294967294,28
4294967294,1016
4294967294,27
4294967294,26
4294967294,90
4294967294,86
4294967294,84
4294967294,46
4294967294,0
4294967294,198
4294967294,41
4294967294,43
4294967294,416
4294967294,471
4294967294,25
4294967279,29
4294967279,140
4294967279,298
4294967279,134
4294967294,94
4294967294,96
4294967294,93
4294967294,95
4294967294,9
4294967294,7
42,6
42,5
42,4
42,3
42,2
42,1
4294967278,369
4294967278,368
4294967279,556
39,6
4294967278,367
39,5
39,4
39,3
39,2
39,1
4294967279,555
4294967279,554
4294967278,366
4294967278,365
4294967278,364
4294967294,436
4294967279,553
36,6
36,5
36,4
36,3
36,2
36,1
4294967278,363
4294967279,552
4294967278,362
4294967279,551
4294967294,204
4294967279,550
4294967294,1419
4294967279,549
4294967278,361
4294967278,360
33,5
33,4
33,3
33,2
33,1
4294967278,359
4294967279,548
32,6
4294967279,547
4294967278,358
4294967278,357
32,5
32,4
32,3
32,2
32,1
4294967279,546
31,5
31,4
31,3
31,2
31,1
4294967278,356
4294967279,545
4294967279,544
30,4
30,3
30,2
30,1
4294967278,355
4294967278,354
4294967278,353
28,5
28,4
28,3
28,2
28,1
4294967279,543
27,4
27,3
27,2
27,1
4294967278,352
4294967278,351
4294967279,542
4294967279,541
4294967278,350
4294967278,349
4294967278,348
4294967278,347
4294967279,540
4294967279,539
4294967278,346
4294967278,345
4294967279,538
4294967279,527
4294967293,131
4294967293,130
4294967293,129
4294967293,128
4294967293,127
4294967293,126
4294967293,125
4294967293,124
4294967293,123
4294967293,122
4294967293,121
4294967293,120
4294967293,119
4294967293,118
4294967293,117
4294967293,116
4294967293,115
4294967293,114
4294967293,113
4294967293,112
4294967293,111
4294967293,110
4294967293,109
4294967293,108
